0
2
4
5
6
7
9
15
16
27
28
30
31
34
39
41
42
43
47
63
66
68
72
73
74
77
82
87
89
91
92
97
100
103
105
109
110
111
116
117
120
121
124
126
128
131
133
137
139
150
152
153
156
158
163
164
166
170
172
175
181
182
185
187
189
190
194
198
199
201
202
203
204
211
214
216
220
224
225
228
229
231
233
234
235
237
239
240
241
242
243
245
249
250
254
257
258
259
260
264
265
269
270
271
276
281
282
284
287
288
290
291
293
295
296
303
305
306
307
315
321
322
325
326
328
332
333
334
335
337
338
342
343
344
345
346
347
348
350
351
354
366
368
374
382
387
389
390
391
392
396
397
398
399
400
402
405
406
409
411
413
414
415
421
422
423
424
426
427
429
430
432
433
435
436
438
440
441
442
443
445
456
459
466
468
470
471
472
475
477
479
480
482
485
487
494
502
517
518
519
523
525
528
529
533
535
542
544
548
549
550
552
555
557
562
563
566
571
572
574
575
577
586
588
590
591
592
593
602
604
605
607
608
609
611
613
615
616
618
619
620
622
626
627
630
631
632
634
635
636
637
639
641
642
643
646
647
649
650
651
652
653
656
658
660
661
664
671
672
675
678
683
684
686
688
690
692
694
695
697
711
713
715
716
718
720
721
726
727
728
729
730
731
732
733
734
736
738
742
746
749
752
753
756
760
762
764
769
770
771
773
774
777
782
783
784
785
788
789
790
792
798
800
801
803
804
810
811
813
815
823
829
830
831
832
833
838
839
844
845
849
855
856
860
861
862
865
866
868
869
872
877
882
886
889
890
891
902
908
910
912
916
917
918
919
920
921
924
925
927
928
929
934
943
945
946
954
956
957
960
961
962
966
971
974
980
984
985
988
989
990
992
994
995
